,11,12,13,14,15,16,17,18,19,20,21,22,23,24,25,26,27,28,29,30,31,32,33,34,35,moving,n_entry_nodes,n_exit_nodes,n_core_nodes,n_paths,congestion,nb_saturated
0,0.0,0.0,0.0,0.0,0.0,0.0,0.0,0.0,0.0,0.0,0.0,0.0,0.0,0.0,0.0,0.0,0.0,0.0,0.0,0.0,0.0,0.0,0.0,0.0,0.0,20,6,5,25,45,0.0,0
1,0.0,0.0,0.0,0.0,0.0,0.2,0.0,0.0,0.0,0.0,0.125,0.0,0.0,0.0,0.0,0.0,0.0,0.0,0.0,0.0,0.0,0.1,0.0,0.0,0.0,20,6,5,25,45,0.017708333333333336,0
2,0.0,0.0,0.0,0.0,0.0,0.0,0.0,0.0,0.0,0.0,0.0,0.0,0.0,0.14285714285714285,0.0,0.0,0.0,0.0,0.0,0.0,0.0,0.0,0.0,0.0,0.0,20,6,5,25,45,0.005952380952380952,0
3,0.0,0.0,0.0,0.0,0.0,0.0,0.0,0.0,0.0,0.0,0.0,0.0,0.3333333333333333,0.0,0.0,0.0,0.0,0.0,0.0,0.0,0.0,0.0,0.0,0.0,0.0,20,6,5,25,45,0.013888888888888888,0
4,0.0,0.0,0.0,0.0,0.0,0.0,0.0,0.0,0.0,0.0,0.0,0.0,0.0,0.0,0.0,0.0,0.0,0.0,0.0,0.0,0.0,0.0,0.0,0.0,0.0,20,6,5,25,45,0.0,0
5,0.0,0.0,0.0,0.0,0.0,0.0,0.0,0.0,0.0,0.0,0.25,0.0,0.0,0.14285714285714285,0.0,0.14285714285714285,0.0,0.0,0.0,0.0,0.0,0.0,0.0,0.0,0.0,20,6,5,25,45,0.022321428571428572,0
6,0.0,0.0,0.125,0.0,0.0,0.0,0.0,0.0,0.0,0.0,0.25,0.0,0.0,0.14285714285714285,0.0,0.0,0.0,0.0,0.0,0.0,0.0,0.1,0.0,0.0,0.0,20,6,5,25,45,0.02574404761904762,0
7,0.0,0.0,0.0,0.0,0.0,0.2,0.0,0.0,0.0,0.0,0.0,0.0,0.3333333333333333,0.0,0.0,0.0,0.0,0.0,0.0,0.0,0.0,0.0,0.0,0.0,0.0,20,6,5,25,45,0.022222222222222223,0
8,0.0,0.0,0.0,0.0,0.0,0.2,0.0,0.0,0.0,0.0,0.125,0.0,0.0,0.0,0.0,0.0,0.0,0.0,0.0,0.0,0.0,0.0,0.0,0.5,0.0,20,6,5,25,45,0.034374999999999996,0
9,0.0,0.0,0.125,0.0,0.0,0.2,0.0,0.0,0.0,0.0,0.0,0.0,0.0,0.14285714285714285,0.0,0.0,0.0,0.0,0.0,0.0,0.0,0.1,0.1,0.0,0.1,20,6,5,25,45,0.02782738095238095,0
10,0.0,0.0,0.0,0.0,0.0,1.0,0.0,1.0,0.0,0.0,0.0,0.0,0.0,0.14285714285714285,0.0,0.0,0.0,0.0,0.0,0.0,0.0,0.0,0.0,0.0,0.0,20,6,5,25,45,0.08928571428571429,2
11,0.0,0.0,0.125,0.0,0.0,0.4,0.0,0.0,0.0,0.0,0.375,0.0,0.0,0.14285714285714285,0.0,0.14285714285714285,0.0,0.0,0.0,0.0,0.0,0.1,0.0,0.5,0.0,20,6,5,25,45,0.0744047619047619,0
12,0.0,0.0,0.0,0.0,0.0,0.0,0.0,0.0,0.0,0.0,0.125,0.0,0.3333333333333333,0.0,0.0,0.0,0.0,0.0,0.0,0.0,0.0,0.2,0.1,0.0,0.0,20,6,5,25,45,0.03159722222222222,0
13,0.0,0.0,0.125,0.0,0.14285714285714285,0.4,0.0,0.0,0.0,0.0,0.125,0.0,0.0,0.14285714285714285,0.0,0.0,0.0,0.0,0.0,0.0,0.0,0.1,0.0,0.0,0.1,20,6,5,25,45,0.04315476190476191,0
14,0.0,0.0,0.0,0.0,0.0,0.2,0.0,0.0,0.0,0.0,0.125,0.0,0.0,0.2857142857142857,0.0,0.14285714285714285,0.0,0.0,0.0,0.0,0.0,0.0,0.0,0.5,0.0,20,6,5,25,45,0.05223214285714286,0
15,0.0,0.0,0.0,0.0,0.0,0.6,0.0,0.0,0.0,0.0,0.0,0.0,0.6666666666666666,0.2857142857142857,0.0,0.14285714285714285,0.0,0.0,0.0,0.0,0.0,0.0,0.0,0.0,0.1,20,6,5,25,45,0.07063492063492062,0
16,0.0,0.0,0.125,0.0,0.0,0.8,0.0,0.0,0.0,0.0,0.125,0.0,0.6666666666666666,0.14285714285714285,0.0,0.0,0.0,0.0,0.0,0.0,0.0,0.0,0.0,0.0,0.2,20,6,5,25,45,0.07748015873015873,0
17,0.0,0.0,0.0,0.0,0.0,0.4,0.0,0.0,0.0,0.0,0.0,0.0,0.0,0.0,0.0,0.14285714285714285,0.0,0.0,0.0,0.0,0.0,0.1,0.0,0.0,0.1,20,6,5,25,45,0.026785714285714284,0
18,0.0,0.0,0.0,0.0,0.0,0.4,0.0,0.0,0.0,0.0,0.125,0.0,0.0,0.5714285714285714,0.0,0.0,0.0,0.0,0.0,0.0,0.0,0.4,0.1,0.0,0.0,20,6,5,25,45,0.06651785714285714,0
19,0.0,0.0,0.0,0.0,0.0,0.8,0.0,1.0,0.0,0.0,0.125,0.0,0.6666666666666666,0.2857142857142857,0.0,0.0,0.0,0.0,0.0,0.0,0.0,0.1,0.1,0.5,0.1,20,6,5,25,45,0.14905753968253968,1
20,0.0,0.0,0.0,0.0,0.14285714285714285,0.6,0.0,0.0,0.0,0.0,0.25,0.0,0.6666666666666666,0.0,0.0,0.14285714285714285,0.0,0.0,0.0,0.0,0.0,0.3,0.0,0.5,0.1,20,6,5,25,45,0.10843253968253967,0
21,0.0,0.0,0.0,0.0,0.0,0.8,0.0,0.0,0.0,0.0,0.125,0.0,0.0,0.14285714285714285,0.0,0.14285714285714285,0.0,0.0,0.0,0.0,0.0,0.1,0.0,0.0,0.1,20,6,5,25,45,0.05461309523809524,0
22,0.0,0.0,0.125,0.0,0.0,0.2,0.0,0.0,0.0,0.0,0.0,0.0,0.3333333333333333,0.2857142857142857,0.0,0.0,0.0,0.0,0.0,0.0,0.0,0.3,0.1,0.0,0.0,20,6,5,25,45,0.05600198412698413,0
23,0.0,0.0,0.0,0.0,0.14285714285714285,0.2,0.0,0.0,0.0,0.0,0.0,0.0,1.0,0.14285714285714285,0.0,0.0,0.0,0.0,0.0,0.0,0.0,0.1,0.0,0.0,0.1,20,6,5,25,45,0.06607142857142857,1
24,0.0,0.0,0.125,0.0,0.0,0.0,0.0,0.0,0.0,0.0,0.0,0.0,0.0,0.0,0.0,0.14285714285714285,0.0,0.0,0.0,0.0,0.0,0.1,0.0,0.0,0.1,20,6,5,25,45,0.015327380952380953,0
25,0.0,0.0,0.0,0.0,0.0,0.0,0.0,0.0,0.0,0.0,0.0,0.0,0.0,0.14285714285714285,0.0,0.0,0.0,0.0,0.0,0.0,0.0,0.1,0.0,0.5,0.0,20,6,5,25,45,0.030952380952380953,0
26,0.0,0.0,0.0,0.0,0.0,0.0,0.0,0.0,0.0,0.0,0.0,0.0,0.0,0.0,0.0,0.0,0.0,0.0,0.0,0.0,0.0,0.0,0.0,0.0,0.0,20,6,5,25,45,0.0,0
27,0.0,0.0,0.125,0.0,0.0,0.0,0.0,0.0,0.0,0.0,0.0,0.0,0.0,0.0,0.0,0.0,0.0,0.0,0.0,0.0,0.0,0.0,0.1,0.0,0.0,20,6,5,25,45,0.009375,0
28,0.0,0.0,0.0,0.0,0.0,0.0,0.0,1.0,0.0,0.0,0.0,0.0,0.0,0.0,0.0,0.0,0.0,0.0,0.0,0.0,0.0,0.0,0.0,0.0,0.0,20,6,5,25,45,0.041666666666666664,1
29,0.0,0.0,0.0,0.0,0.0,0.0,0.0,0.0,0.0,0.0,0.0,0.0,0.3333333333333333,0.0,0.0,0.0,0.0,0.0,0.0,0.0,0.0,0.1,0.2,0.0,0.2,20,6,5,25,45,0.02638888888888889,0
30,0.0,0.0,0.0,0.0,0.14285714285714285,0.2,0.0,1.0,0.0,0.0,0.125,0.0,0.0,0.14285714285714285,0.0,0.0,0.0,0.0,0.0,0.0,0.0,0.1,0.0,0.0,0.0,20,6,5,25,45,0.0712797619047619,1
31,0.0,0.0,0.125,0.0,0.0,0.0,0.0,0.0,0.0,0.0,0.0,0.0,0.6666666666666666,0.14285714285714285,0.0,0.0,0.0,0.0,0.0,0.0,0.0,0.1,0.1,0.0,0.0,20,6,5,25,45,0.047271825396825395,0
32,0.0,0.0,0.0,0.0,0.14285714285714285,0.2,0.0,0.0,0.0,0.0,0.125,0.0,0.3333333333333333,0.0,0.0,0.0,0.0,0.0,0.0,0.0,0.0,0.0,0.0,0.5,0.0,20,6,5,25,45,0.05421626984126984,0
33,0.0,0.0,0.0,0.0,0.0,0.2,0.0,0.0,0.0,0.0,0.0,0.0,0.0,0.0,0.0,0.0,0.0,0.0,0.0,0.0,0.0,0.0,0.0,0.0,0.0,20,6,5,25,45,0.008333333333333333,0
34,0.0,0.0,0.125,0.0,0.0,0.6,0.0,0.0,0.0,0.0,0.125,0.0,0.0,0.14285714285714285,0.0,0.0,0.0,0.0,0.0,0.0,0.0,0.2,0.0,0.0,0.0,20,6,5,25,45,0.04970238095238095,0
35,0.0,0.0,0.0,0.0,0.0,0.2,0.0,0.0,0.0,0.0,0.0,0.0,0.0,0.2857142857142857,0.0,0.0,0.0,0.0,0.0,0.0,0.0,0.2,0.1,0.0,0.0,20,6,5,25,45,0.03273809523809524,0
36,0.0,0.0,0.0,0.0,0.14285714285714285,0.0,0.0,0.0,0.0,0.0,0.25,0.0,0.3333333333333333,0.14285714285714285,0.0,0.0,0.0,0.0,0.0,0.0,0.0,0.0,0.1,0.0,0.0,20,6,5,25,45,0.04037698412698413,0
37,0.0,0.0,0.0,0.0,0.0,0.6,0.0,1.0,0.0,0.0,0.0,0.0,0.0,0.14285714285714285,0.0,0.0,0.0,0.0,0.0,0.0,0.0,0.0,0.0,0.5,0.1,20,6,5,25,45,0.09345238095238095,1
38,0.0,0.0,0.0,0.0,0.0,0.4,0.0,0.0,0.0,0.0,0.0,0.0,0.3333333333333333,0.0,0.0,0.0,0.0,0.0,0.0,0.0,0.0,0.4,0.2,0.5,0.0,20,6,5,25,45,0.07638888888888888,0
39,0.0,0.0,0.0,0.0,0.14285714285714285,0.2,0.0,1.0,0.0,0.0,0.0,0.0,0.0,0.0,0.0,0.0,0.0,0.0,0.0,0.0,0.0,0.0,0.0,0.5,0.0,20,6,5,25,45,0.07678571428571429,1
40,0.0,0.0,0.0,0.0,0.0,0.2,0.0,0.0,0.0,0.0,0.25,0.0,0.0,0.2857142857142857,0.0,0.0,0.0,0.0,0.0,0.0,0.0,0.1,0.0,0.0,0.1,20,6,5,25,45,0.03482142857142857,0
41,0.0,0.0,0.125,0.0,0.0,0.4,0.0,0.0,0.0,0.0,0.0,0.0,0.0,0.14285714285714285,0.0,0.14285714285714285,0.0,0.0,0.0,0.0,0.0,0.1,0.0,0.0,0.0,20,6,5,25,45,0.037946428571428575,0
42,0.0,0.0,0.125,0.0,0.0,0.2,0.0,0.0,0.0,0.0,0.125,0.0,0.3333333333333333,0.0,0.0,0.14285714285714285,0.0,0.0,0.0,0.0,0.0,0.2,0.0,0.0,0.4,20,6,5,25,45,0.046924603174603174,0
43,0.0,0.0,0.125,0.0,0.0,0.6,0.0,0.0,0.0,0.0,0.0,0.0,0.3333333333333333,0.2857142857142857,0.0,0.2857142857142857,0.0,0.0,0.0,0.0,0.0,0.2,0.0,0.0,0.0,20,6,5,25,45,0.07624007936507936,0
44,0.0,0.0,0.125,0.0,0.0,0.4,0.0,0.0,0.0,0.0,0.0,0.0,0.3333333333333333,0.42857142857142855,0.0,0.0,0.0,0.0,0.0,0.0,0.0,0.1,0.1,0.5,0.0,20,6,5,25,45,0.08278769841269841,0
45,0.0,0.0,0.0,0.0,0.14285714285714285,1.0,0.0,0.0,0.0,0.0,0.125,0.0,1.0,0.0,0.0,0.14285714285714285,0.0,0.0,0.0,0.0,0.0,0.2,0.0,0.0,0.0,20,6,5,25,45,0.10877976190476189,2
46,0.0,0.0,0.0,0.0,0.0,1.0,0.0,0.0,0.0,0.0,0.0,0.0,0.3333333333333333,0.14285714285714285,0.0,0.14285714285714285,0.0,0.0,0.0,0.0,0.0,0.2,0.1,0.0,0.0,20,6,5,25,45,0.07996031746031745,1
47,0.0,0.0,0.0,0.0,0.0,1.0,0.0,1.0,0.0,0.0,0.375,0.0,0.6666666666666666,0.0,0.0,0.14285714285714285,0.0,0.0,0.0,0.0,0.0,0.1,0.1,0.0,0.0,20,6,5,25,45,0.1410218253968254,2
48,0.0,0.0,0.0,0.0,0.14285714285714285,0.6,0.0,0.0,0.0,0.0,0.25,0.0,0.3333333333333333,0.2857142857142857,0.0,0.0,0.0,0.0,0.0,0.0,0.0,0.1,0.0,0.0,0.0,20,6,5,25,45,0.07132936507936508,0
49,0.0,0.0,0.0,0.0,0.0,0.4,0.0,0.0,0.0,0.0,0.0,0.0,0.0,0.0,0.0,0.0,0.0,0.0,0.0,0.0,0.0,0.0,0.0,0.0,0.0,20,6,5,25,45,0.016666666666666666,0
50,0.0,0.0,0.0,0.0,0.0,0.2,0.0,0.0,0.0,0.0,0.0,0.0,0.0,0.0,0.0,0.0,0.0,0.0,0.0,0.0,0.0,0.0,0.0,0.0,0.0,20,6,5,25,45,0.008333333333333333,0
51,0.0,0.0,0.0,0.0,0.0,0.4,0.0,0.0,0.0,0.0,0.0,0.0,0.0,0.0,0.0,0.0,0.0,0.0,0.0,0.0,0.0,0.1,0.0,0.0,0.0,20,6,5,25,45,0.020833333333333332,0
52,0.0,0.0,0.0,0.0,0.0,0.2,0.0,0.0,0.0,0.0,0.0,0.0,0.0,0.14285714285714285,0.0,0.0,0.0,0.0,0.0,0.0,0.0,0.0,0.0,0.0,0.0,20,6,5,25,45,0.014285714285714285,0
53,0.0,0.0,0.0,0.0,0.0,0.4,0.0,0.0,0.0,0.0,0.0,0.0,0.0,0.0,0.0,0.0,0.0,0.0,0.0,0.0,0.0,0.1,0.0,0.0,0.0,20,6,5,25,45,0.020833333333333332,0
54,0.0,0.0,0.125,0.0,0.0,0.0,0.0,0.0,0.0,0.0,0.125,0.0,0.0,0.0,0.0,0.0,0.0,0.0,0.0,0.0,0.0,0.0,0.0,0.0,0.0,20,6,5,25,45,0.010416666666666666,0
55,0.0,0.0,0.125,0.0,0.0,0.0,0.0,0.0,0.0,0.0,0.0,0.0,0.0,0.0,0.0,0.0,0.0,0.0,0.0,0.0,0.0,0.0,0.0,0.0,0.0,20,6,5,25,45,0.005208333333333333,0
56,0.0,0.0,0.0,0.0,0.0,0.2,0.0,0.0,0.0,0.0,0.0,0.0,0.0,0.2857142857142857,0.0,0.0,0.0,0.0,0.0,0.0,0.0,0.0,0.0,0.0,0.0,20,6,5,25,45,0.02023809523809524,0
57,0.0,0.0,0.0,0.0,0.0,0.0,0.0,0.0,0.0,0.0,0.0,0.0,0.3333333333333333,0.0,0.0,0.0,0.0,0.0,0.0,0.0,0.0,0.0,0.0,0.0,0.0,20,6,5,25,45,0.013888888888888888,0
58,0.0,0.0,0.0,0.0,0.0,0.4,0.0,0.0,0.0,0.0,0.125,0.0,0.0,0.0,0.0,0.14285714285714285,0.0,0.0,0.0,0.0,0.0,0.0,0.0,0.0,0.1,20,6,5,25,45,0.027827380952380954,0
59,0.0,0.0,0.0,0.0,0.0,0.0,0.0,0.0,0.0,0.0,0.125,0.0,0.0,0.2857142857142857,0.0,0.0,0.0,0.0,0.0,0.0,0.0,0.1,0.0,0.0,0.1,20,6,5,25,45,0.021279761904761902,0
60,0.0,0.0,0.0,0.0,0.0,0.0,0.0,0.0,0.0,0.0,0.0,0.0,0.6666666666666666,0.14285714285714285,0.0,0.0,0.0,0.0,0.0,0.0,0.0,0.0,0.1,0.0,0.0,20,6,5,25,45,0.037896825396825394,0
61,0.0,0.0,0.0,0.0,0.0,0.0,0.0,1.0,0.0,0.0,0.0,0.0,0.6666666666666666,0.14285714285714285,0.0,0.14285714285714285,0.0,0.0,0.0,0.0,0.0,0.0,0.0,0.0,0.0,20,6,5,25,45,0.08134920634920635,1
62,0.0,0.0,0.0,0.0,0.0,0.2,0.0,0.0,0.0,0.0,0.0,0.0,0.3333333333333333,0.0,0.0,0.14285714285714285,0.0,0.0,0.0,0.0,0.0,0.1,0.0,0.0,0.0,20,6,5,25,45,0.03234126984126984,0
63,0.0,0.0,0.0,0.0,0.0,0.2,0.0,0.0,0.0,0.0,0.0,0.0,0.0,0.0,0.0,0.0,0.0,0.0,0.0,0.0,0.0,0.0,0.1,0.0,0.0,20,6,5,25,45,0.012500000000000002,0
64,0.0,0.0,0.125,0.0,0.0,0.2,0.0,1.0,0.0,0.0,0.0,0.0,0.0,0.42857142857142855,0.0,0.0,0.0,0.0,0.0,0.0,0.0,0.0,0.1,0.0,0.0,20,6,5,25,45,0.07723214285714286,1
65,0.0,0.0,0.0,0.0,0.14285714285714285,0.4,0.0,0.0,0.0,0.0,0.0,0.0,0.0,0.2857142857142857,0.0,0.14285714285714285,0.0,0.0,0.0,0.0,0.0,0.1,0.0,0.0,0.1,20,6,5,25,45,0.044642857142857144,0
66,0.0,0.0,0.0,0.0,0.0,0.6,0.0,0.0,0.0,0.0,0.0,0.0,0.0,0.14285714285714285,0.0,0.0,0.0,0.0,0.0,0.0,0.0,0.0,0.4,0.0,0.2,20,6,5,25,45,0.047619047619047616,0
67,0.0,0.0,0.125,0.0,0.2857142857142857,0.8,0.0,1.0,0.0,0.0,0.0,0.0,0.6666666666666666,0.14285714285714285,0.0,0.14285714285714285,0.0,0.0,0.0,0.0,0.0,0.2,0.2,0.0,0.0,20,6,5,25,45,0.14846230158730156,1
68,0.0,0.0,0.0,0.0,0.14285714285714285,0.0,0.0,1.0,0.0,0.0,0.125,0.0,0.3333333333333333,0.2857142857142857,0.0,0.0,0.0,0.0,0.0,0.0,0.0,0.0,0.1,0.0,0.1,20,6,5,25,45,0.08278769841269841,1
69,0.0,0.0,0.0,0.0,0.0,0.2,0.0,0.0,0.0,0.0,0.25,0.0,0.0,0.14285714285714285,0.0,0.14285714285714285,0.0,0.0,0.0,0.0,0.0,0.2,0.1,0.0,0.1,20,6,5,25,45,0.04315476190476191,0
70,0.0,0.0,0.0,0.0,0.0,0.4,0.0,1.0,0.0,0.0,0.125,0.0,0.3333333333333333,0.2857142857142857,0.0,0.0,0.0,0.0,0.0,0.0,0.0,0.0,0.1,0.5,0.1,20,6,5,25,45,0.11433531746031746,1
71,0.0,0.0,0.125,0.0,0.0,0.8,0.0,0.0,0.0,0.0,0.0,0.0,0.0,0.42857142857142855,0.0,0.14285714285714285,0.0,0.0,0.0,0.0,0.0,0.0,0.2,0.0,0.0,20,6,5,25,45,0.07068452380952382,0
72,0.0,0.0,0.0,0.0,0.0,0.4,0.0,1.0,0.0,0.0,0.25,0.0,1.0,0.0,0.0,0.0,0.0,0.0,0.0,0.0,0.0,0.4,0.1,0.0,0.1,20,6,5,25,45,0.13125,2
73,0.0,0.0,0.0,0.0,0.0,0.4,0.0,1.0,0.0,0.0,0.125,0.0,0.0,0.14285714285714285,0.0,0.14285714285714285,0.0,0.0,0.0,0.0,0.0,0.1,0.1,0.0,0.2,20,6,5,25,45,0.0837797619047619,1
74,0.0,0.0,0.0,0.0,0.14285714285714285,0.0,0.0,0.0,0.0,0.0,0.0,0.0,0.0,0.0,0.0,0.0,0.0,0.0,0.0,0.0,0.0,0.0,0.0,0.0,0.0,20,6,5,25,45,0.005952380952380952,0
75,0.0,0.0,0.0,0.0,0.0,0.0,0.0,0.0,0.0,0.0,0.0,0.0,0.0,0.0,0.0,0.0,0.0,0.0,0.0,0.0,0.0,0.0,0.0,0.0,0.0,20,6,5,25,45,0.0,0
76,0.0,0.0,0.0,0.0,0.0,0.2,0.0,0.0,0.0,0.0,0.0,0.0,0.0,0.0,0.0,0.0,0.0,0.0,0.0,0.0,0.0,0.0,0.0,0.0,0.1,20,6,5,25,45,0.008333333333333333,0
77,0.0,0.0,0.0,0.0,0.0,0.0,0.0,0.0,0.0,0.0,0.0,0.0,0.0,0.0,0.0,0.0,0.0,0.0,0.0,0.0,0.0,0.0,0.1,0.0,0.0,20,6,5,25,45,0.004166666666666667,0
78,0.0,0.0,0.0,0.0,0.0,0.0,0.0,1.0,0.0,0.0,0.0,0.0,0.0,0.0,0.0,0.0,0.0,0.0,0.0,0.0,0.0,0.0,0.0,0.0,0.0,20,6,5,25,45,0.041666666666666664,1
79,0.0,0.0,0.0,0.0,0.0,0.0,0.0,0.0,0.0,0.0,0.125,0.0,0.0,0.0,0.0,0.14285714285714285,0.0,0.0,0.0,0.0,0.0,0.0,0.0,0.0,0.0,20,6,5,25,45,0.011160714285714286,0
80,0.0,0.0,0.0,0.0,0.0,0.2,0.0,0.0,0.0,0.0,0.0,0.0,0.0,0.0,0.0,0.0,0.0,0.0,0.0,0.0,0.0,0.1,0.1,0.0,0.1,20,6,5,25,45,0.016666666666666666,0
81,0.0,0.0,0.0,0.0,0.0,0.0,0.0,1.0,0.0,0.0,0.125,0.0,0.0,0.0,0.0,0.0,0.0,0.0,0.0,0.0,0.0,0.2,0.1,0.0,0.0,20,6,5,25,45,0.059375000000000004,1
82,0.0,0.0,0.0,0.0,0.0,0.2,0.0,0.0,0.0,0.0,0.0,0.0,0.0,0.0,0.0,0.0,0.0,0.0,0.0,0.0,0.0,0.0,0.1,0.0,0.0,20,6,5,25,45,0.012500000000000002,0
83,0.0,0.0,0.0,0.0,0.0,0.2,0.0,1.0,0.0,0.0,0.0,0.0,0.0,0.14285714285714285,0.0,0.0,0.0,0.0,0.0,0.0,0.0,0.0,0.0,0.0,0.0,20,6,5,25,45,0.055952380952380955,1
84,0.0,0.0,0.0,0.0,0.0,0.0,0.0,0.0,0.0,0.0,0.0,0.0,0.3333333333333333,0.0,0.0,0.0,0.0,0.0,0.0,0.0,0.0,0.0,0.0,0.5,0.0,20,6,5,25,45,0.03472222222222222,0
85,0.0,0.0,0.0,0.0,0.0,0.0,0.0,0.0,0.0,0.0,0.0,0.0,0.3333333333333333,0.0,0.0,0.14285714285714285,0.0,0.0,0.0,0.0,0.0,0.2,0.0,0.0,0.0,20,6,5,25,45,0.028174603174603175,0
86,0.0,0.0,0.0,0.0,0.0,0.0,0.0,0.0,0.0,0.0,0.0,0.0,0.0,0.2857142857142857,0.0,0.0,0.0,0.0,0.0,0.0,0.0,0.0,0.0,0.0,0.1,20,6,5,25,45,0.011904761904761904,0
87,0.0,0.0,0.0,0.0,0.0,0.2,0.0,0.0,0.0,0.0,0.125,0.0,0.3333333333333333,0.14285714285714285,0.0,0.2857142857142857,0.0,0.0,0.0,0.0,0.0,0.1,0.2,0.0,0.0,20,6,5,25,45,0.05778769841269841,0
88,0.0,0.0,0.0,0.0,0.2857142857142857,1.0,0.0,0.0,0.0,0.0,0.125,0.0,0.3333333333333333,0.0,0.0,0.0,0.0,0.0,0.0,0.0,0.0,0.0,0.0,0.5,0.1,20,6,5,25,45,0.09350198412698413,1
89,0.0,0.0,0.0,0.0,0.0,0.4,0.0,0.0,0.0,0.0,0.0,0.0,0.0,0.0,0.0,0.0,0.0,0.0,0.0,0.0,0.0,0.2,0.0,0.0,0.0,20,6,5,25,45,0.025000000000000005,0
90,0.0,0.0,0.0,0.0,0.0,0.6,0.0,0.0,0.0,0.0,0.0,0.0,0.3333333333333333,0.14285714285714285,0.0,0.0,0.0,0.0,0.0,0.0,0.0,0.1,0.0,0.0,0.0,20,6,5,25,45,0.04900793650793651,0
91,0.0,0.0,0.0,0.0,0.0,0.4,0.0,0.0,0.0,0.0,0.0,0.0,0.3333333333333333,0.7142857142857143,0.0,0.0,0.0,0.0,0.0,0.0,0.0,0.2,0.0,0.0,0.1,20,6,5,25,45,0.06865079365079364,0
92,0.0,0.0,0.0,0.0,0.0,0.4,0.0,0.0,0.0,0.0,0.0,0.0,0.6666666666666666,0.14285714285714285,0.0,0.14285714285714285,0.0,0.0,0.0,0.0,0.0,0.3,0.0,0.0,0.0,20,6,5,25,45,0.06884920634920634,0
93,0.0,0.0,0.25,0.0,0.0,0.4,0.0,0.0,0.0,0.0,0.0,0.0,0.3333333333333333,0.14285714285714285,0.0,0.0,0.0,0.0,0.0,0.0,0.0,0.2,0.0,0.0,0.0,20,6,5,25,45,0.055257936507936506,0
94,0.0,0.0,0.0,0.0,0.0,0.0,0.0,0.0,0.0,0.0,0.0,0.0,0.3333333333333333,0.7142857142857143,0.0,0.0,0.0,0.0,0.0,0.0,0.0,0.0,0.0,0.0,0.1,20,6,5,25,45,0.043650793650793655,0
95,0.0,0.0,0.0,0.0,0.0,0.6,0.0,0.0,0.0,0.0,0.125,0.0,1.0,0.14285714285714285,0.0,0.0,0.0,0.0,0.0,0.0,0.0,0.3,0.1,0.0,0.0,20,6,5,25,45,0.09449404761904762,1
96,0.0,0.0,0.0,0.0,0.14285714285714285,0.8,0.0,0.0,0.0,0.0,0.0,0.0,0.6666666666666666,0.0,0.0,0.0,0.0,0.0,0.0,0.0,0.0,0.1,0.1,0.0,0.2,20,6,5,25,45,0.0753968253968254,0
97,0.0,0.0,0.0,0.0,0.0,0.4,0.0,1.0,0.0,0.0,0.0,0.0,0.0,0.0,0.0,0.0,0.0,0.0,0.0,0.0,0.0,0.2,0.1,0.0,0.0,20,6,5,25,45,0.07083333333333335,1
98,0.0,0.0,0.0,0.0,0.0,1.0,0.0,1.0,0.0,0.0,0.0,0.0,0.0,0.14285714285714285,0.0,0.42857142857142855,0.0,0.0,0.0,0.0,0.0,0.3,0.0,0.0,0.2,20,6,5,25,45,0.11964285714285715,2
99,0.0,0.0,0.0,0.0,0.0,0.8,0.0,0.0,0.0,0.0,0.0,0.0,0.0,0.0,0.0,0.0,0.0,0.0,0.0,0.0,0.0,0.0,0.0,0.0,0.0,20,6,5,25,45,0.03333333333333333,0
100,0.0,0.0,0.0,0.0,0.0,0.2,0.0,0.0,0.0,0.0,0.0,0.0,0.0,0.2857142857142857,0.0,0.14285714285714285,0.0,0.0,0.0,0.0,0.0,0.2,0.1,0.0,0.0,20,6,5,25,45,0.03869047619047619,0
101,0.0,0.0,0.0,0.0,0.0,0.0,0.0,1.0,0.0,0.0,0.0,0.0,0.3333333333333333,0.0,0.0,0.0,0.0,0.0,0.0,0.0,0.0,0.0,0.0,0.0,0.0,20,6,5,25,45,0.05555555555555555,1
102,0.0,0.0,0.0,0.0,0.0,0.2,0.0,0.0,0.0,0.0,0.0,0.0,0.0,0.0,0.0,0.0,0.0,0.0,0.0,0.0,0.0,0.0,0.0,0.5,0.0,20,6,5,25,45,0.029166666666666664,0
103,0.0,0.0,0.0,0.0,0.0,0.0,0.0,0.0,0.0,0.0,0.0,0.0,0.0,0.0,0.0,0.0,0.0,0.0,0.0,0.0,0.0,0.0,0.0,0.0,0.0,20,6,5,25,45,0.0,0
104,0.0,0.0,0.0,0.0,0.0,0.0,0.0,0.0,0.0,0.0,0.0,0.0,0.0,0.14285714285714285,0.0,0.0,0.0,0.0,0.0,0.0,0.0,0.0,0.1,0.0,0.1,20,6,5,25,45,0.01011904761904762,0
105,0.0,0.0,0.0,0.0,0.0,0.2,0.0,1.0,0.0,0.0,0.0,0.0,0.3333333333333333,0.14285714285714285,0.0,0.0,0.0,0.0,0.0,0.0,0.0,0.1,0.1,0.0,0.1,20,6,5,25,45,0.07817460317460317,1
106,0.0,0.0,0.0,0.0,0.14285714285714285,0.2,0.0,0.0,0.0,0.0,0.125,0.0,0.0,0.0,0.0,0.0,0.0,0.0,0.0,0.0,0.0,0.0,0.0,0.0,0.0,20,6,5,25,45,0.01949404761904762,0
107,0.0,0.0,0.0,0.0,0.0,0.0,0.0,0.0,0.0,0.0,0.125,0.0,0.0,0.0,0.0,0.14285714285714285,0.0,0.0,0.0,0.0,0.0,0.0,0.0,0.0,0.0,20,6,5,25,45,0.011160714285714286,0
108,0.0,0.0,0.0,0.0,0.0,0.2,0.0,0.0,0.0,0.0,0.0,0.0,0.0,0.14285714285714285,0.0,0.0,0.0,0.0,0.0,0.0,0.0,0.1,0.0,0.0,0.0,20,6,5,25,45,0.018452380952380953,0
109,0.0,0.0,0.0,0.0,0.0,0.4,0.0,0.0,0.0,0.0,0.0,0.0,0.0,0.0,0.0,0.0,0.0,0.0,0.0,0.0,0.0,0.1,0.0,0.5,0.0,20,6,5,25,45,0.041666666666666664,0
110,0.0,0.0,0.0,0.0,0.0,0.2,0.0,0.0,0.0,0.0,0.0,0.0,0.0,0.0,0.0,0.0,0.0,0.0,0.0,0.0,0.0,0.0,0.1,0.0,0.0,20,6,5,25,45,0.012500000000000002,0
111,0.0,0.0,0.0,0.0,0.0,0.4,0.0,1.0,0.0,0.0,0.0,0.0,0.0,0.2857142857142857,0.0,0.0,0.0,0.0,0.0,0.0,0.0,0.2,0.0,0.0,0.0,20,6,5,25,45,0.07857142857142857,1
112,0.0,0.0,0.0,0.0,0.0,0.2,0.0,0.0,0.0,0.0,0.0,0.0,0.0,0.2857142857142857,0.0,0.0,0.0,0.0,0.0,0.0,0.0,0.1,0.0,1.0,0.0,20,6,5,25,45,0.06607142857142857,1
113,0.0,0.0,0.0,0.0,0.0,0.2,0.0,0.0,0.0,0.0,0.0,0.0,0.3333333333333333,0.2857142857142857,0.0,0.0,0.0,0.0,0.0,0.0,0.0,0.0,0.0,0.5,0.1,20,6,5,25,45,0.05496031746031746,0
114,0.0,0.0,0.125,0.0,0.0,0.2,0.0,0.0,0.0,0.0,0.0,0.0,0.6666666666666666,0.14285714285714285,0.0,0.0,0.0,0.0,0.0,0.0,0.0,0.2,0.0,0.0,0.1,20,6,5,25,45,0.055605158730158734,0
115,0.0,0.0,0.125,0.0,0.0,0.4,0.0,0.0,0.0,0.0,0.25,0.0,0.0,0.42857142857142855,0.0,0.0,0.0,0.0,0.0,0.0,0.0,0.1,0.0,0.0,0.1,20,6,5,25,45,0.054315476190476185,0
116,0.0,0.0,0.125,0.0,0.0,0.6,0.0,0.0,0.0,0.0,0.0,0.0,0.3333333333333333,0.0,0.0,0.14285714285714285,0.0,0.0,0.0,0.0,0.0,0.0,0.0,0.0,0.1,20,6,5,25,45,0.05004960317460317,0
117,0.0,0.0,0.0,0.0,0.0,0.0,0.0,0.0,0.0,0.0,0.375,0.0,0.0,0.0,0.0,0.0,0.0,0.0,0.0,0.0,0.0,0.2,0.0,0.0,0.1,20,6,5,25,45,0.02395833333333333,0
118,0.0,0.0,0.125,0.0,0.0,0.6,0.0,0.0,0.0,0.0,0.125,0.0,0.0,0.0,0.0,0.14285714285714285,0.0,0.0,0.0,0.0,0.0,0.1,0.2,0.0,0.0,20,6,5,25,45,0.053869047619047615,0
119,0.0,0.0,0.0,0.0,0.2857142857142857,0.0,0.0,0.0,0.0,0.0,0.0,0.0,0.0,0.42857142857142855,0.0,0.14285714285714285,0.0,0.0,0.0,0.0,0.0,0.1,0.1,0.0,0.0,20,6,5,25,45,0.04404761904761905,0
120,0.0,0.0,0.0,0.0,0.14285714285714285,0.8,0.0,0.0,0.0,0.0,0.125,0.0,0.3333333333333333,0.14285714285714285,0.0,0.14285714285714285,0.0,0.0,0.0,0.0,0.0,0.0,0.2,0.0,0.1,20,6,5,25,45,0.07862103174603174,0
121,0.0,0.0,0.0,0.0,0.14285714285714285,0.6,0.0,1.0,0.0,0.0,0.125,0.0,0.3333333333333333,0.14285714285714285,0.0,0.2857142857142857,0.0,0.0,0.0,0.0,0.0,0.2,0.2,0.0,0.1,20,6,5,25,45,0.12624007936507933,1
122,0.0,0.0,0.125,0.0,0.2857142857142857,0.6,0.0,0.0,0.0,0.0,0.125,0.0,0.3333333333333333,0.0,0.0,0.42857142857142855,0.0,0.0,0.0,0.0,0.0,0.2,0.1,0.5,0.0,20,6,5,25,45,0.11240079365079365,0
123,0.0,0.0,0.125,0.0,0.0,0.4,0.0,1.0,0.0,0.0,0.0,0.0,0.0,0.14285714285714285,0.0,0.14285714285714285,0.0,0.0,0.0,0.0,0.0,0.0,0.0,0.5,0.0,20,6,5,25,45,0.09627976190476191,1
124,0.0,0.0,0.0,0.0,0.0,0.0,0.0,0.0,0.0,0.0,0.0,0.0,0.3333333333333333,0.0,0.0,0.0,0.0,0.0,0.0,0.0,0.0,0.0,0.0,0.0,0.0,20,6,5,25,45,0.013888888888888888,0
125,0.0,0.0,0.0,0.0,0.0,0.0,0.0,0.0,0.0,0.0,0.0,0.0,0.0,0.0,0.0,0.0,0.0,0.0,0.0,0.0,0.0,0.0,0.0,0.0,0.0,20,6,5,25,45,0.0,0
126,0.0,0.0,0.125,0.0,0.0,0.4,0.0,0.0,0.0,0.0,0.0,0.0,0.0,0.0,0.0,0.0,0.0,0.0,0.0,0.0,0.0,0.1,0.0,0.0,0.0,20,6,5,25,45,0.026041666666666668,0
127,0.0,0.0,0.0,0.0,0.0,0.2,0.0,0.0,0.0,0.0,0.0,0.0,0.0,0.0,0.0,0.0,0.0,0.0,0.0,0.0,0.0,0.0,0.0,0.0,0.0,20,6,5,25,45,0.008333333333333333,0
128,0.0,0.0,0.0,0.0,0.0,0.2,0.0,0.0,0.0,0.0,0.0,0.0,0.0,0.0,0.0,0.14285714285714285,0.0,0.0,0.0,0.0,0.0,0.0,0.0,0.0,0.1,20,6,5,25,45,0.014285714285714285,0
129,0.0,0.0,0.0,0.0,0.0,0.0,0.0,0.0,0.0,0.0,0.0,0.0,0.0,0.0,0.0,0.14285714285714285,0.0,0.0,0.0,0.0,0.0,0.0,0.0,0.0,0.2,20,6,5,25,45,0.005952380952380952,0
130,0.0,0.0,0.0,0.0,0.0,0.2,0.0,0.0,0.0,0.0,0.125,0.0,0.0,0.0,0.0,0.0,0.0,0.0,0.0,0.0,0.0,0.0,0.0,0.0,0.0,20,6,5,25,45,0.013541666666666667,0
131,0.0,0.0,0.0,0.0,0.0,0.2,0.0,0.0,0.0,0.0,0.0,0.0,0.0,0.14285714285714285,0.0,0.0,0.0,0.0,0.0,0.0,0.0,0.1,0.0,0.0,0.0,20,6,5,25,45,0.018452380952380953,0
132,0.0,0.0,0.0,0.0,0.0,0.2,0.0,0.0,0.0,0.0,0.125,0.0,0.3333333333333333,0.2857142857142857,0.0,0.14285714285714285,0.0,0.0,0.0,0.0,0.0,0.1,0.0,0.0,0.1,20,6,5,25,45,0.04945436507936508,0
133,0.0,0.0,0.0,0.0,0.0,0.4,0.0,0.0,0.0,0.0,0.125,0.0,0.0,0.14285714285714285,0.0,0.0,0.0,0.0,0.0,0.0,0.0,0.0,0.2,0.0,0.1,20,6,5,25,45,0.03616071428571429,0
134,0.0,0.0,0.0,0.0,0.14285714285714285,0.0,0.0,1.0,0.0,0.0,0.0,0.0,0.3333333333333333,0.0,0.0,0.0,0.0,0.0,0.0,0.0,0.0,0.1,0.0,0.0,0.0,20,6,5,25,45,0.06567460317460318,1
135,0.0,0.0,0.0,0.0,0.0,0.2,0.0,0.0,0.0,0.0,0.0,0.0,0.0,0.0,0.0,0.0,0.0,0.0,0.0,0.0,0.0,0.0,0.0,0.0,0.0,20,6,5,25,45,0.008333333333333333,0
136,0.0,0.0,0.0,0.0,0.0,0.4,0.0,0.0,0.0,0.0,0.0,0.0,0.0,0.14285714285714285,0.0,0.0,0.0,0.0,0.0,0.0,0.0,0.0,0.1,1.0,0.0,20,6,5,25,45,0.06845238095238096,1
137,0.0,0.0,0.0,0.0,0.14285714285714285,0.2,0.0,0.0,0.0,0.0,0.125,0.0,0.3333333333333333,0.14285714285714285,0.0,0.0,0.0,0.0,0.0,0.0,0.0,0.1,0.0,0.0,0.1,20,6,5,25,45,0.04350198412698412,0
138,0.0,0.0,0.125,0.0,0.0,0.4,0.0,0.0,0.0,0.0,0.0,0.0,0.3333333333333333,0.14285714285714285,0.0,0.14285714285714285,0.0,0.0,0.0,0.0,0.0,0.1,0.1,0.5,0.0,20,6,5,25,45,0.07683531746031746,0
139,0.0,0.0,0.0,0.0,0.0,0.2,0.0,1.0,0.0,0.0,0.125,0.0,0.0,0.0,0.0,0.14285714285714285,0.0,0.0,0.0,0.0,0.0,0.3,0.0,0.5,0.1,20,6,5,25,45,0.09449404761904762,1
140,0.0,0.0,0.0,0.0,0.0,0.4,0.0,0.0,0.0,0.0,0.0,0.0,0.0,0.0,0.0,0.14285714285714285,0.0,0.0,0.0,0.0,0.0,0.1,0.0,0.0,0.1,20,6,5,25,45,0.026785714285714284,0
141,0.0,0.0,0.0,0.0,0.0,0.2,0.0,0.0,0.0,0.0,0.0,0.0,0.0,0.14285714285714285,0.0,0.14285714285714285,0.0,0.0,0.0,0.0,0.0,0.0,0.2,0.5,0.1,20,6,5,25,45,0.049404761904761896,0
142,0.0,0.0,0.0,0.0,0.0,0.0,0.0,1.0,0.0,0.0,0.125,0.0,0.0,0.0,0.0,0.0,0.0,0.0,0.0,0.0,0.0,0.2,0.2,0.0,0.1,20,6,5,25,45,0.06354166666666666,1
143,0.0,0.0,0.0,0.0,0.14285714285714285,0.4,0.0,1.0,0.0,0.0,0.125,0.0,0.0,0.2857142857142857,0.0,0.2857142857142857,0.0,0.0,0.0,0.0,0.0,0.1,0.0,0.0,0.2,20,6,5,25,45,0.0974702380952381,1
144,0.0,0.0,0.0,0.0,0.0,0.6,0.0,0.0,0.0,0.0,0.125,0.0,1.0,0.2857142857142857,0.0,0.0,0.0,0.0,0.0,0.0,0.0,0.0,0.0,0.0,0.0,20,6,5,25,45,0.0837797619047619,1
145,0.0,0.0,0.0,0.0,0.0,0.6,0.0,0.0,0.0,0.0,0.125,0.0,0.6666666666666666,0.14285714285714285,0.0,0.14285714285714285,0.0,0.0,0.0,0.0,0.0,0.1,0.1,0.0,0.0,20,6,5,25,45,0.07822420634920635,0
146,0.0,0.0,0.0,0.0,0.0,0.2,0.0,1.0,0.0,0.0,0.125,0.0,0.0,0.2857142857142857,0.0,0.14285714285714285,0.0,0.0,0.0,0.0,0.0,0.0,0.2,0.5,0.0,20,6,5,25,45,0.10223214285714284,1
147,0.0,0.0,0.125,0.0,0.14285714285714285,0.6,0.0,0.0,0.0,0.0,0.25,0.0,0.6666666666666666,0.0,0.0,0.2857142857142857,0.0,0.0,0.0,0.0,0.0,0.0,0.1,0.0,0.0,20,6,5,25,45,0.0904265873015873,0
148,0.0,0.0,0.0,0.0,0.0,0.4,0.0,1.0,0.0,0.0,0.125,0.0,0.6666666666666666,0.5714285714285714,0.0,0.2857142857142857,0.0,0.0,0.0,0.0,0.0,0.1,0.1,0.0,0.0,20,6,5,25,45,0.13536706349206348,1
149,0.0,0.0,0.0,0.0,0.14285714285714285,0.0,0.0,0.0,0.0,0.0,0.0,0.0,1.0,0.0,0.0,0.0,0.0,0.0,0.0,0.0,0.0,0.0,0.0,0.0,0.0,20,6,5,25,45,0.047619047619047616,1
150,0.0,0.0,0.0,0.0,0.0,0.2,0.0,0.0,0.0,0.0,0.0,0.0,0.0,0.14285714285714285,0.0,0.0,0.0,0.0,0.0,0.0,0.0,0.0,0.1,0.0,0.0,20,6,5,25,45,0.018452380952380953,0
151,0.0,0.0,0.0,0.0,0.0,0.0,0.0,1.0,0.0,0.0,0.0,0.0,0.0,0.0,0.0,0.0,0.0,0.0,0.0,0.0,0.0,0.0,0.0,0.0,0.0,20,6,5,25,45,0.041666666666666664,1
152,0.0,0.0,0.0,0.0,0.0,0.2,0.0,0.0,0.0,0.0,0.0,0.0,0.0,0.14285714285714285,0.0,0.0,0.0,0.0,0.0,0.0,0.0,0.0,0.0,0.0,0.0,20,6,5,25,45,0.014285714285714285,0
153,0.0,0.0,0.0,0.0,0.0,0.0,0.0,0.0,0.0,0.0,0.125,0.0,0.0,0.14285714285714285,0.0,0.0,0.0,0.0,0.0,0.0,0.0,0.1,0.0,0.0,0.0,20,6,5,25,45,0.015327380952380953,0
154,0.0,0.0,0.0,0.0,0.0,0.0,0.0,0.0,0.0,0.0,0.0,0.0,0.0,0.0,0.0,0.14285714285714285,0.0,0.0,0.0,0.0,0.0,0.0,0.0,0.0,0.0,20,6,5,25,45,0.005952380952380952,0
155,0.0,0.0,0.0,0.0,0.0,0.4,0.0,0.0,0.0,0.0,0.0,0.0,0.6666666666666666,0.14285714285714285,0.0,0.0,0.0,0.0,0.0,0.0,0.0,0.0,0.0,0.0,0.0,20,6,5,25,45,0.050396825396825405,0
156,0.0,0.0,0.0,0.0,0.0,0.2,0.0,0.0,0.0,0.0,0.125,0.0,0.3333333333333333,0.0,0.0,0.0,0.0,0.0,0.0,0.0,0.0,0.1,0.0,0.0,0.1,20,6,5,25,45,0.03159722222222222,0
157,0.0,0.0,0.0,0.0,0.0,0.0,0.0,0.0,0.0,0.0,0.0,0.0,0.0,0.0,0.0,0.0,0.0,0.0,0.0,0.0,0.0,0.0,0.0,1.0,0.0,20,6,5,25,45,0.041666666666666664,1
158,0.0,0.0,0.0,0.0,0.0,0.6,0.0,0.0,0.0,0.0,0.0,0.0,0.0,0.14285714285714285,0.0,0.0,0.0,0.0,0.0,0.0,0.0,0.0,0.1,0.0,0.0,20,6,5,25,45,0.03511904761904762,0
159,0.0,0.0,0.0,0.0,0.14285714285714285,0.0,0.0,0.0,0.0,0.0,0.0,0.0,0.3333333333333333,0.2857142857142857,0.0,0.0,0.0,0.0,0.0,0.0,0.0,0.0,0.1,0.0,0.1,20,6,5,25,45,0.03591269841269841,0
160,0.0,0.0,0.0,0.0,0.14285714285714285,0.2,0.0,0.0,0.0,0.0,0.0,0.0,0.3333333333333333,0.14285714285714285,0.0,0.0,0.0,0.0,0.0,0.0,0.0,0.0,0.0,0.0,0.4,20,6,5,25,45,0.034126984126984124,0
161,0.0,0.0,0.0,0.0,0.0,0.4,0.0,0.0,0.0,0.0,0.0,0.0,0.0,0.42857142857142855,0.0,0.2857142857142857,0.0,0.0,0.0,0.0,0.0,0.0,0.0,0.0,0.2,20,6,5,25,45,0.04642857142857143,0
162,0.0,0.0,0.0,0.0,0.0,0.0,0.0,0.0,0.0,0.0,0.0,0.0,0.0,0.14285714285714285,0.0,0.14285714285714285,0.0,0.0,0.0,0.0,0.0,0.0,0.0,1.0,0.0,20,6,5,25,45,0.05357142857142857,1
163,0.0,0.0,0.0,0.0,0.0,0.2,0.0,0.0,0.0,0.0,0.125,0.0,0.3333333333333333,0.0,0.0,0.0,0.0,0.0,0.0,0.0,0.0,0.1,0.0,0.0,0.1,20,6,5,25,45,0.03159722222222222,0
164,0.0,0.0,0.0,0.0,0.0,0.0,0.0,0.0,0.0,0.0,0.0,0.0,0.0,0.0,0.0,0.2857142857142857,0.0,0.0,0.0,0.0,0.0,0.2,0.0,0.0,0.1,20,6,5,25,45,0.02023809523809524,0
165,0.0,0.0,0.0,0.0,0.0,0.6,0.0,0.0,0.0,0.0,0.125,0.0,0.0,0.2857142857142857,0.0,0.14285714285714285,0.0,0.0,0.0,0.0,0.0,0.2,0.0,0.0,0.0,20,6,5,25,45,0.05639880952380952,0
166,0.0,0.0,0.0,0.0,0.0,0.2,0.0,0.0,0.0,0.0,0.0,0.0,0.0,0.2857142857142857,0.0,0.14285714285714285,0.0,0.0,0.0,0.0,0.0,0.1,0.1,0.5,0.0,20,6,5,25,45,0.055357142857142855,0
167,0.0,0.0,0.125,0.0,0.14285714285714285,0.8,0.0,0.0,0.0,0.0,0.125,0.0,0.3333333333333333,0.14285714285714285,0.0,0.2857142857142857,0.0,0.0,0.0,0.0,0.0,0.0,0.0,0.0,0.0,20,6,5,25,45,0.08144841269841269,0
168,0.0,0.0,0.0,0.0,0.0,0.4,0.0,0.0,0.0,0.0,0.25,0.0,0.3333333333333333,0.14285714285714285,0.0,0.14285714285714285,0.0,0.0,0.0,0.0,0.0,0.4,0.0,0.0,0.2,20,6,5,25,45,0.0695436507936508,0
169,0.0,0.0,0.125,0.0,0.0,0.4,0.0,0.0,0.0,0.0,0.0,0.0,0.3333333333333333,0.2857142857142857,0.0,0.0,0.0,0.0,0.0,0.0,0.0,0.2,0.0,0.5,0.0,20,6,5,25,45,0.07683531746031745,0
170,0.0,0.0,0.0,0.0,0.0,1.0,0.0,0.0,0.0,0.0,0.125,0.0,0.6666666666666666,0.14285714285714285,0.0,0.0,0.0,0.0,0.0,0.0,0.0,0.0,0.1,0.0,0.1,20,6,5,25,45,0.08477182539682539,1
171,0.0,0.0,0.0,0.0,0.14285714285714285,0.2,0.0,0.0,0.0,0.0,0.0,0.0,0.3333333333333333,0.14285714285714285,0.0,0.0,0.0,0.0,0.0,0.0,0.0,0.2,0.0,0.0,0.2,20,6,5,25,45,0.042460317460317455,0
172,0.0,0.0,0.0,0.0,0.0,0.8,0.0,0.0,0.0,0.0,0.0,0.0,0.3333333333333333,0.14285714285714285,0.0,0.0,0.0,0.0,0.0,0.0,0.0,0.2,0.0,0.5,0.0,20,6,5,25,45,0.08234126984126984,0
173,0.0,0.0,0.0,0.0,0.0,0.8,0.0,0.0,0.0,0.0,0.125,0.0,0.0,0.14285714285714285,0.0,0.0,0.0,0.0,0.0,0.0,0.0,0.3,0.0,0.0,0.0,20,6,5,25,45,0.05699404761904762,0
174,0.0,0.0,0.0,0.0,0.0,0.0,0.0,0.0,0.0,0.0,0.0,0.0,0.3333333333333333,0.0,0.0,0.14285714285714285,0.0,0.0,0.0,0.0,0.0,0.1,0.0,0.5,0.0,20,6,5,25,45,0.04484126984126984,0
175,0.0,0.0,0.0,0.0,0.0,0.0,0.0,0.0,0.0,0.0,0.0,0.0,0.0,0.0,0.0,0.0,0.0,0.0,0.0,0.0,0.0,0.0,0.0,0.0,0.0,20,6,5,25,45,0.0,0
176,0.0,0.0,0.0,0.0,0.0,0.6,0.0,0.0,0.0,0.0,0.0,0.0,0.0,0.0,0.0,0.0,0.0,0.0,0.0,0.0,0.0,0.0,0.0,0.0,0.0,20,6,5,25,45,0.024999999999999998,0
177,0.0,0.0,0.0,0.0,0.0,0.2,0.0,0.0,0.0,0.0,0.0,0.0,0.0,0.0,0.0,0.0,0.0,0.0,0.0,0.0,0.0,0.0,0.0,0.0,0.0,20,6,5,25,45,0.008333333333333333,0
178,0.0,0.0,0.0,0.0,0.0,0.0,0.0,0.0,0.0,0.0,0.0,0.0,0.0,0.0,0.0,0.0,0.0,0.0,0.0,0.0,0.0,0.0,0.0,0.0,0.0,20,6,5,25,45,0.0,0
179,0.0,0.0,0.0,0.0,0.0,0.0,0.0,0.0,0.0,0.0,0.125,0.0,0.0,0.0,0.0,0.0,0.0,0.0,0.0,0.0,0.0,0.1,0.0,0.0,0.0,20,6,5,25,45,0.009375,0
180,0.0,0.0,0.0,0.0,0.0,0.0,0.0,0.0,0.0,0.0,0.0,0.0,0.0,0.0,0.0,0.0,0.0,0.0,0.0,0.0,0.0,0.0,0.0,0.5,0.1,20,6,5,25,45,0.020833333333333332,0
181,0.0,0.0,0.0,0.0,0.0,0.4,0.0,0.0,0.0,0.0,0.0,0.0,0.3333333333333333,0.0,0.0,0.0,0.0,0.0,0.0,0.0,0.0,0.0,0.0,0.0,0.0,20,6,5,25,45,0.030555555555555558,0
182,0.0,0.0,0.0,0.0,0.0,0.2,0.0,0.0,0.0,0.0,0.125,0.0,0.0,0.0,0.0,0.0,0.0,0.0,0.0,0.0,0.0,0.1,0.0,0.0,0.0,20,6,5,25,45,0.017708333333333336,0
183,0.0,0.0,0.0,0.0,0.0,0.2,0.0,0.0,0.0,0.0,0.0,0.0,0.0,0.0,0.0,0.0,0.0,0.0,0.0,0.0,0.0,0.0,0.0,0.5,0.0,20,6,5,25,45,0.029166666666666664,0
184,0.0,0.0,0.0,0.0,0.0,0.2,0.0,0.0,0.0,0.0,0.0,0.0,0.3333333333333333,0.0,0.0,0.0,0.0,0.0,0.0,0.0,0.0,0.1,0.2,0.0,0.0,20,6,5,25,45,0.03472222222222222,0
185,0.0,0.0,0.0,0.0,0.14285714285714285,0.0,0.0,1.0,0.0,0.0,0.0,0.0,0.0,0.0,0.0,0.0,0.0,0.0,0.0,0.0,0.0,0.1,0.0,0.5,0.1,20,6,5,25,45,0.07261904761904762,1
186,0.0,0.0,0.0,0.0,0.0,0.4,0.0,0.0,0.0,0.0,0.0,0.0,0.0,0.14285714285714285,0.0,0.14285714285714285,0.0,0.0,0.0,0.0,0.0,0.1,0.0,0.0,0.3,20,6,5,25,45,0.03273809523809524,0
187,0.0,0.0,0.0,0.0,0.0,0.4,0.0,0.0,0.0,0.0,0.0,0.0,0.3333333333333333,0.14285714285714285,0.0,0.14285714285714285,0.0,0.0,0.0,0.0,0.0,0.0,0.1,0.0,0.0,20,6,5,25,45,0.04662698412698413,0
188,0.0,0.0,0.0,0.0,0.0,0.4,0.0,1.0,0.0,0.0,0.0,0.0,0.3333333333333333,0.14285714285714285,0.0,0.14285714285714285,0.0,0.0,0.0,0.0,0.0,0.1,0.0,0.0,0.0,20,6,5,25,45,0.0882936507936508,1
189,0.0,0.0,0.125,0.0,0.0,1.0,0.0,0.0,0.0,0.0,0.0,0.0,0.3333333333333333,0.0,0.0,0.0,0.0,0.0,0.0,0.0,0.0,0.3,0.0,0.0,0.0,20,6,5,25,45,0.07326388888888889,1
190,0.0,0.0,0.125,0.0,0.0,0.4,0.0,0.0,0.0,0.0,0.125,0.0,0.0,0.14285714285714285,0.0,0.14285714285714285,0.0,0.0,0.0,0.0,0.0,0.1,0.1,0.0,0.2,20,6,5,25,45,0.04732142857142857,0
191,0.0,0.0,0.0,0.0,0.14285714285714285,0.2,0.0,0.0,0.0,0.0,0.25,0.0,0.3333333333333333,0.0,0.0,0.0,0.0,0.0,0.0,0.0,0.0,0.1,0.1,0.0,0.1,20,6,5,25,45,0.046924603174603174,0
192,0.0,0.0,0.0,0.0,0.14285714285714285,0.0,0.0,0.0,0.0,0.0,0.0,0.0,0.0,0.14285714285714285,0.0,0.14285714285714285,0.0,0.0,0.0,0.0,0.0,0.2,0.0,0.0,0.1,20,6,5,25,45,0.02619047619047619,0
193,0.0,0.0,0.0,0.0,0.0,0.4,0.0,0.0,0.0,0.0,0.0,0.0,0.3333333333333333,0.0,0.0,0.0,0.0,0.0,0.0,0.0,0.0,0.0,0.1,0.0,0.0,20,6,5,25,45,0.034722222222222224,0
194,0.0,0.0,0.0,0.0,0.0,0.6,0.0,1.0,0.0,0.0,0.0,0.0,0.3333333333333333,0.14285714285714285,0.0,0.2857142857142857,0.0,0.0,0.0,0.0,0.0,0.1,0.0,0.0,0.2,20,6,5,25,45,0.10257936507936509,1
195,0.0,0.0,0.125,0.0,0.0,0.2,0.0,0.0,0.0,0.0,0.0,0.0,0.3333333333333333,0.2857142857142857,0.0,0.2857142857142857,0.0,0.0,0.0,0.0,0.0,0.2,0.2,0.0,0.1,20,6,5,25,45,0.06790674603174603,0
196,0.0,0.0,0.0,0.0,0.2857142857142857,0.6,0.0,0.0,0.0,0.0,0.125,0.0,0.3333333333333333,0.42857142857142855,0.0,0.14285714285714285,0.0,0.0,0.0,0.0,0.0,0.2,0.0,0.0,0.2,20,6,5,25,45,0.08814484126984128,0
197,0.0,0.0,0.125,0.0,0.0,0.4,0.0,0.0,0.0,0.0,0.0,0.0,0.0,0.42857142857142855,0.0,0.14285714285714285,0.0,0.0,0.0,0.0,0.0,0.1,0.0,0.0,0.1,20,6,5,25,45,0.04985119047619047,0
198,0.0,0.0,0.0,0.0,0.0,0.8,0.0,0.0,0.0,0.0,0.125,0.0,0.0,0.2857142857142857,0.0,0.14285714285714285,0.0,0.0,0.0,0.0,0.0,0.1,0.3,0.0,0.0,20,6,5,25,45,0.0730654761904762,0
199,0.0,0.0,0.0,0.0,0.2857142857142857,0.0,0.0,1.0,0.0,0.0,0.0,0.0,0.6666666666666666,0.0,0.0,0.0,0.0,0.0,0.0,0.0,0.0,0.1,0.0,0.0,0.0,20,6,5,25,45,0.085515873015873,1
200,0.0,0.0,0.0,0.0,0.0,0.0,0.0,0.0,0.0,0.0,0.125,0.0,0.0,0.0,0.0,0.0,0.0,0.0,0.0,0.0,0.0,0.0,0.0,0.0,0.0,20,6,5,25,45,0.005208333333333333,0
201,0.0,0.0,0.0,0.0,0.0,0.0,0.0,0.0,0.0,0.0,0.0,0.0,0.0,0.0,0.0,0.0,0.0,0.0,0.0,0.0,0.0,0.1,0.0,0.0,0.0,20,6,5,25,45,0.004166666666666667,0
202,0.0,0.0,0.0,0.0,0.0,0.2,0.0,0.0,0.0,0.0,0.125,0.0,0.0,0.0,0.0,0.0,0.0,0.0,0.0,0.0,0.0,0.1,0.0,0.0,0.0,20,6,5,25,45,0.017708333333333336,0
203,0.0,0.0,0.0,0.0,0.0,0.0,0.0,0.0,0.0,0.0,0.25,0.0,0.0,0.0,0.0,0.14285714285714285,0.0,0.0,0.0,0.0,0.0,0.0,0.0,0.0,0.0,20,6,5,25,45,0.01636904761904762,0
204,0.0,0.0,0.0,0.0,0.0,0.2,0.0,0.0,0.0,0.0,0.0,0.0,0.0,0.0,0.0,0.0,0.0,0.0,0.0,0.0,0.0,0.0,0.0,0.0,0.0,20,6,5,25,45,0.008333333333333333,0
205,0.0,0.0,0.0,0.0,0.0,0.0,0.0,0.0,0.0,0.0,0.125,0.0,0.0,0.0,0.0,0.0,0.0,0.0,0.0,0.0,0.0,0.1,0.0,0.0,0.1,20,6,5,25,45,0.009375,0
206,0.0,0.0,0.0,0.0,0.0,0.0,0.0,0.0,0.0,0.0,0.0,0.0,0.0,0.2857142857142857,0.0,0.0,0.0,0.0,0.0,0.0,0.0,0.0,0.1,0.0,0.1,20,6,5,25,45,0.01607142857142857,0
207,0.0,0.0,0.0,0.0,0.14285714285714285,0.0,0.0,0.0,0.0,0.0,0.0,0.0,0.6666666666666666,0.42857142857142855,0.0,0.0,0.0,0.0,0.0,0.0,0.0,0.0,0.0,0.0,0.0,20,6,5,25,45,0.05158730158730159,0
208,0.0,0.0,0.0,0.0,0.0,0.0,0.0,0.0,0.0,0.0,0.0,0.0,0.0,0.14285714285714285,0.0,0.0,0.0,0.0,0.0,0.0,0.0,0.2,0.0,0.0,0.1,20,6,5,25,45,0.014285714285714285,0
209,0.0,0.0,0.0,0.0,0.0,0.2,0.0,0.0,0.0,0.0,0.0,0.0,0.0,0.2857142857142857,0.0,0.0,0.0,0.0,0.0,0.0,0.0,0.0,0.0,0.5,0.1,20,6,5,25,45,0.04107142857142857,0
210,0.0,0.0,0.0,0.0,0.0,0.2,0.0,0.0,0.0,0.0,0.0,0.0,0.6666666666666666,0.0,0.0,0.0,0.0,0.0,0.0,0.0,0.0,0.2,0.0,0.0,0.0,20,6,5,25,45,0.044444444444444446,0
211,0.0,0.0,0.0,0.0,0.0,0.2,0.0,0.0,0.0,0.0,0.25,0.0,0.0,0.0,0.0,0.0,0.0,0.0,0.0,0.0,0.0,0.0,0.0,0.0,0.2,20,6,5,25,45,0.01875,0
212,0.0,0.0,0.0,0.0,0.0,0.2,0.0,0.0,0.0,0.0,0.0,0.0,0.0,0.0,0.0,0.0,0.0,0.0,0.0,0.0,0.0,0.1,0.3,0.5,0.0,20,6,5,25,45,0.04583333333333334,0
213,0.0,0.0,0.0,0.0,0.14285714285714285,0.2,0.0,1.0,0.0,0.0,0.0,0.0,0.0,0.14285714285714285,0.0,0.42857142857142855,0.0,0.0,0.0,0.0,0.0,0.0,0.1,0.0,0.0,20,6,5,25,45,0.08392857142857142,1
214,0.0,0.0,0.125,0.0,0.0,0.2,0.0,1.0,0.0,0.0,0.125,0.0,0.3333333333333333,0.0,0.0,0.14285714285714285,0.0,0.0,0.0,0.0,0.0,0.2,0.0,0.0,0.1,20,6,5,25,45,0.08859126984126985,1
215,0.0,0.0,0.0,0.0,0.0,0.4,0.0,0.0,0.0,0.0,0.125,0.0,0.0,0.2857142857142857,0.0,0.0,0.0,0.0,0.0,0.0,0.0,0.2,0.1,0.0,0.0,20,6,5,25,45,0.04627976190476191,0
216,0.0,0.0,0.0,0.0,0.0,0.6,0.0,1.0,0.0,0.0,0.125,0.0,0.3333333333333333,0.2857142857142857,0.0,0.14285714285714285,0.0,0.0,0.0,0.0,0.0,0.0,0.0,0.5,0.0,20,6,5,25,45,0.12445436507936507,1
217,0.0,0.0,0.0,0.0,0.0,0.6,0.0,0.0,0.0,0.0,0.0,0.0,0.3333333333333333,0.0,0.0,0.14285714285714285,0.0,0.0,0.0,0.0,0.0,0.1,0.1,0.5,0.0,20,6,5,25,45,0.07400793650793651,0
218,0.0,0.0,0.0,0.0,0.0,0.6,0.0,1.0,0.0,0.0,0.0,0.0,0.0,0.14285714285714285,0.0,0.14285714285714285,0.0,0.0,0.0,0.0,0.0,0.0,0.0,0.5,0.2,20,6,5,25,45,0.0994047619047619,1
219,0.0,0.0,0.0,0.0,0.0,0.6,0.0,0.0,0.0,0.0,0.0,0.0,0.3333333333333333,0.14285714285714285,0.0,0.0,0.0,0.0,0.0,0.0,0.0,0.2,0.1,0.0,0.1,20,6,5,25,45,0.05734126984126984,0
220,0.0,0.0,0.0,0.0,0.14285714285714285,0.8,0.0,0.0,0.0,0.0,0.0,0.0,0.3333333333333333,0.0,0.0,0.0,0.0,0.0,0.0,0.0,0.0,0.2,0.0,0.0,0.1,20,6,5,25,45,0.06150793650793651,0
221,0.0,0.0,0.125,0.0,0.0,0.6,0.0,0.0,0.0,0.0,0.0,0.0,0.0,0.42857142857142855,0.0,0.14285714285714285,0.0,0.0,0.0,0.0,0.0,0.1,0.2,0.0,0.0,20,6,5,25,45,0.06651785714285714,0
222,0.0,0.0,0.0,0.0,0.14285714285714285,0.8,0.0,1.0,0.0,0.0,0.25,0.0,1.0,0.2857142857142857,0.0,0.2857142857142857,0.0,0.0,0.0,0.0,0.0,0.0,0.0,0.0,0.1,20,6,5,25,45,0.1568452380952381,2
223,0.0,0.0,0.0,0.0,0.0,0.8,0.0,0.0,0.0,0.0,0.0,0.0,0.3333333333333333,0.42857142857142855,0.0,0.2857142857142857,0.0,0.0,0.0,0.0,0.0,0.4,0.0,0.0,0.0,20,6,5,25,45,0.09365079365079365,0
224,0.0,0.0,0.125,0.0,0.0,0.4,0.0,0.0,0.0,0.0,0.0,0.0,0.6666666666666666,0.14285714285714285,0.0,0.14285714285714285,0.0,0.0,0.0,0.0,0.0,0.4,0.1,0.0,0.0,20,6,5,25,45,0.08239087301587301,0
225,0.0,0.0,0.0,0.0,0.0,0.4,0.0,1.0,0.0,0.0,0.0,0.0,0.0,0.2857142857142857,0.0,0.0,0.0,0.0,0.0,0.0,0.0,0.0,0.1,0.0,0.0,20,6,5,25,45,0.0744047619047619,1
226,0.0,0.0,0.0,0.0,0.14285714285714285,0.0,0.0,0.0,0.0,0.0,0.0,0.0,0.3333333333333333,0.0,0.0,0.0,0.0,0.0,0.0,0.0,0.0,0.0,0.1,0.0,0.0,20,6,5,25,45,0.024007936507936506,0
227,0.0,0.0,0.0,0.0,0.14285714285714285,0.0,0.0,0.0,0.0,0.0,0.125,0.0,0.0,0.0,0.0,0.0,0.0,0.0,0.0,0.0,0.0,0.1,0.2,0.0,0.1,20,6,5,25,45,0.023660714285714285,0
228,0.0,0.0,0.0,0.0,0.0,0.2,0.0,1.0,0.0,0.0,0.0,0.0,0.0,0.0,0.0,0.0,0.0,0.0,0.0,0.0,0.0,0.0,0.1,0.0,0.0,20,6,5,25,45,0.05416666666666667,1
229,0.0,0.0,0.0,0.0,0.0,0.0,0.0,1.0,0.0,0.0,0.0,0.0,0.0,0.0,0.0,0.0,0.0,0.0,0.0,0.0,0.0,0.1,0.0,0.0,0.0,20,6,5,25,45,0.04583333333333334,1
230,0.0,0.0,0.0,0.0,0.0,0.0,0.0,0.0,0.0,0.0,0.0,0.0,0.3333333333333333,0.14285714285714285,0.0,0.0,0.0,0.0,0.0,0.0,0.0,0.1,0.0,0.0,0.0,20,6,5,25,45,0.024007936507936506,0
231,0.0,0.0,0.0,0.0,0.0,0.4,0.0,0.0,0.0,0.0,0.0,0.0,0.3333333333333333,0.0,0.0,0.0,0.0,0.0,0.0,0.0,0.0,0.0,0.0,0.0,0.0,20,6,5,25,45,0.030555555555555558,0
232,0.0,0.0,0.0,0.0,0.0,0.0,0.0,0.0,0.0,0.0,0.0,0.0,0.0,0.0,0.0,0.0,0.0,0.0,0.0,0.0,0.0,0.1,0.0,0.0,0.0,20,6,5,25,45,0.004166666666666667,0
233,0.0,0.0,0.0,0.0,0.0,0.0,0.0,0.0,0.0,0.0,0.0,0.0,0.0,0.0,0.0,0.0,0.0,0.0,0.0,0.0,0.0,0.0,0.0,1.0,0.0,20,6,5,25,45,0.041666666666666664,1
234,0.0,0.0,0.0,0.0,0.0,0.0,0.0,0.0,0.0,0.0,0.0,0.0,0.0,0.42857142857142855,0.0,0.0,0.0,0.0,0.0,0.0,0.0,0.0,0.0,0.0,0.0,20,6,5,25,45,0.017857142857142856,0
235,0.0,0.0,0.0,0.0,0.0,0.0,0.0,0.0,0.0,0.0,0.0,0.0,0.0,0.0,0.0,0.0,0.0,0.0,0.0,0.0,0.0,0.0,0.0,0.0,0.1,20,6,5,25,45,0.0,0
236,0.0,0.0,0.0,0.0,0.0,0.2,0.0,0.0,0.0,0.0,0.0,0.0,0.0,0.14285714285714285,0.0,0.0,0.0,0.0,0.0,0.0,0.0,0.0,0.1,0.0,0.0,20,6,5,25,45,0.018452380952380953,0
237,0.0,0.0,0.0,0.0,0.0,0.4,0.0,1.0,0.0,0.0,0.125,0.0,0.3333333333333333,0.0,0.0,0.0,0.0,0.0,0.0,0.0,0.0,0.0,0.0,0.0,0.1,20,6,5,25,45,0.07743055555555556,1
238,0.0,0.0,0.0,0.0,0.0,0.4,0.0,0.0,0.0,0.0,0.25,0.0,0.3333333333333333,0.0,0.0,0.0,0.0,0.0,0.0,0.0,0.0,0.0,0.0,0.0,0.0,20,6,5,25,45,0.04097222222222222,0
239,0.0,0.0,0.125,0.0,0.0,0.0,0.0,0.0,0.0,0.0,0.125,0.0,0.0,0.2857142857142857,0.0,0.0,0.0,0.0,0.0,0.0,0.0,0.0,0.1,0.5,0.0,20,6,5,25,45,0.04732142857142857,0
240,0.0,0.0,0.0,0.0,0.14285714285714285,0.6,0.0,0.0,0.0,0.0,0.125,0.0,0.3333333333333333,0.0,0.0,0.14285714285714285,0.0,0.0,0.0,0.0,0.0,0.1,0.1,0.5,0.1,20,6,5,25,45,0.08516865079365078,0
241,0.0,0.0,0.0,0.0,0.14285714285714285,0.6,0.0,0.0,0.0,0.0,0.125,0.0,0.0,0.2857142857142857,0.0,0.0,0.0,0.0,0.0,0.0,0.0,0.1,0.2,0.0,0.0,20,6,5,25,45,0.06056547619047619,0
242,0.0,0.0,0.125,0.0,0.14285714285714285,0.6,0.0,1.0,0.0,0.0,0.125,0.0,0.3333333333333333,0.0,0.0,0.0,0.0,0.0,0.0,0.0,0.0,0.0,0.1,0.5,0.1,20,6,5,25,45,0.12192460317460319,1
243,0.0,0.0,0.125,0.0,0.14285714285714285,0.0,0.0,0.0,0.0,0.0,0.0,0.0,0.0,0.0,0.0,0.14285714285714285,0.0,0.0,0.0,0.0,0.0,0.0,0.0,1.0,0.0,20,6,5,25,45,0.0587797619047619,1
244,0.0,0.0,0.0,0.0,0.0,0.8,0.0,0.0,0.0,0.0,0.125,0.0,0.0,0.0,0.0,0.14285714285714285,0.0,0.0,0.0,0.0,0.0,0.1,0.0,0.0,0.0,20,6,5,25,45,0.048660714285714286,0
245,0.0,0.0,0.0,0.0,0.0,0.2,0.0,0.0,0.0,0.0,0.125,0.0,0.0,0.0,0.0,0.14285714285714285,0.0,0.0,0.0,0.0,0.0,0.2,0.0,0.0,0.0,20,6,5,25,45,0.027827380952380954,0
246,0.0,0.0,0.0,0.0,0.0,0.6,0.0,0.0,0.0,0.0,0.25,0.0,0.3333333333333333,0.14285714285714285,0.0,0.2857142857142857,0.0,0.0,0.0,0.0,0.0,0.2,0.0,0.0,0.0,20,6,5,25,45,0.07549603174603174,0
247,0.0,0.0,0.0,0.0,0.0,0.4,0.0,0.0,0.0,0.0,0.0,0.0,0.3333333333333333,0.2857142857142857,0.0,0.0,0.0,0.0,0.0,0.0,0.0,0.1,0.2,0.5,0.0,20,6,5,25,45,0.07579365079365079,0
